000C7C0E.jpg 0.5 666 36 846 204
000C7C0E.jpg 0.4 1058 63 1225 225
000C7C0E.jpg 0.3 953 207 1113 391
000C7C0E.jpg 0.8 1032 354 1168 523
000C7C0E.jpg 1 881 370 1042 533
000C7C0E.jpg 1 917 521 1067 690
000C7C0E.jpg 1 1032 497 1211 683
000C7C0E.jpg 1 1134 326 1315 535
000C7C0E.jpg 0.78 1130 221 1289 362
000C7C0E.jpg 0.87 1228 57 1392 245
000C7C0E.jpg 1 1301 270 1471 453
000C7C0E.jpg 1 1425 107 1592 278
000C7C0E.jpg 0.23 1467 308 1626 456
000C7C0E.jpg 1 1334 482 1464 625
000C7C0E.jpg 1 1461 475 1615 641
000C7C0E.jpg 0.34 1372 592 1544 752
000C7C0E.jpg 1 1219 568 1361 741
000C7C0E.jpg 1 1285 728 1442 885
000C7C0E.jpg 1 1428 751 1583 901
000C7C0E.jpg 1 1542 612 1700 774
000C7C0E.jpg 1 1088 697 1266 838
000C7C0E.jpg 0.23 945 684 1103 832
000C7C0E.jpg 1 814 646 946 801
000C7C0E.jpg 1 654 603 808 745
000C7C0E.jpg 0.45 882 820 1026 975
000C7C0E.jpg 1 1041 834 1184 992
000C7C0E.jpg 1 1104 982 1258 1130
000C7C0E.jpg 1 1206 861 1355 1031
000C7C0E.jpg 1 1273 992 1417 1151
000C7C0E.jpg 0.34 1367 880 1521 1027
000C7C0E.jpg 1 1495 959 1651 1101
000C7C0E.jpg 1 1485 1103 1623 1256
000C7C0E.jpg 1 1605 1235 1739 1376
000C7C0E.jpg 1 1731 1287 1872 1442
000C7C0E.jpg 1 1862 1300 2016 1427
000C7C0E.jpg 1 1993 1373 2148 1519
000C7C0E.jpg 0.12 2130 1298 2299 1446
000C7C0E.jpg 1 2153 1426 2322 1548
000C7C0E.jpg 1 2353 1399 2521 1563
000C7C0E.jpg 0.33 2136 1163 2293 1285
000C7C0E.jpg 0.72 2246 1202 2396 1343
000C7C0E.jpg 1 1824 1162 1984 1309
000C7C0E.jpg 0.98 1665 1108 1809 1242
000C7C0E.jpg 0.83 1666 960 1817 1109
000C7C0E.jpg 0.41 1801 1020 1969 1168
000C7C0E.jpg 0.45 1975 1068 2129 1219
000C7C0E.jpg 0.1 1568 813 1718 960
000C7C0E.jpg 0.1 1662 717 1821 862
000C7C0E.jpg 0.1 1754 826 1899 986
000C7C0E.jpg 0.1 1885 910 2027 1050
000C7C0E.jpg 0.1 2017 906 2167 1048
000C7C0E.jpg 0.1 1893 755 2049 905
000C7C0E.jpg 0.1 2139 765 2311 922
000C7C0E.jpg 0.1 2303 891 2452 1034
000C7C0E.jpg 0.1 2276 1015 2439 1185
000C7C0E.jpg 0.1 2346 730 2517 891
000C7C0E.jpg 0.1 2244 576 2415 722
000C7C0E.jpg 0.1 2092 553 2228 721
000C7C0E.jpg 0.1 1957 605 2108 769
000C7C0E.jpg 0.1 1787 570 1965 734
000C7C0E.jpg 0.1 1669 492 1832 633
000C7C0E.jpg 0.1 1649 309 1815 473
000C7C0E.jpg 0.1 1807 239 1980 413
000C7C0E.jpg 0.1 1609 90 1788 265
000C7C0E.jpg 0.1 1826 446 1994 582
000C7C0E.jpg 0.1 1998 430 2152 584
000C7C0E.jpg 0.1 2449 791 2608 949